spp,date,TBOH,TWOH,TWKO,FLOH,SBOH,TWNAIO
AKEP,77-06,20.8219178082192,14.5205479452055,2.73972602739726,53.013698630137,7.3972602739726,1.50684931506849
AKEP,77-07,73.1818181818182,23.1818181818182,0,2.27272727272727,0,1.36363636363636
AKEP,77-08,82.078853046595,7.16845878136201,3.584229390681,3.584229390681,0,3.584229390681
AKEP,77-09,94.4862155388471,2.5062656641604,2.5062656641604,0,0.50125313283208,0
AKEP,77-10,95.6756756756757,2.7027027027027,0,1.62162162162162,0,0
AKEP,77-11,97.1052631578947,0.263157894736842,2.63157894736842,0,0,0
AKEP,77-12,90.4411764705882,8.97058823529412,0,0,0,0.588235294117647
AKEP,78-01,90.2612826603325,7.36342042755344,2.37529691211401,0,0,0
AKEP,78-02,75.6272401433692,13.2616487455197,4.77897252090801,0,1.6726403823178,4.6594982078853
AKEP,78-03,61.8200836820084,26.8828451882845,2.09205020920502,3.76569037656904,2.51046025104602,2.92887029288703
AKEP,78-04,46.0528855433314,16.406099208647,7.91353020652384,6.65894614939201,14.0899440262498,8.87859486585601
AKEP,78-05,54,11.3333333333333,10.8888888888889,11.3333333333333,3.55555555555556,8.88888888888889
AKEP,78-06,86.6744186046512,10,0,1,2.32558139534884,0
AKEP,78-07,28.6842105263158,58.5964912280702,7.01754385964912,0.964912280701754,3.50877192982456,1.2280701754386
AKEP,78-08,66.4179104477612,25.3731343283582,5.22388059701493,0,1.49253731343284,1.49253731343284
AKEP,78-09,66.6299559471366,30.2863436123348,3.08370044052863,0,0,0
AKEP,78-10,54.3426294820717,39.5219123505976,1.19521912350598,3.02788844621514,1.91235059760956,0
AKEP,78-11,41.9893697798026,47.3044798785118,4.32801822323462,6.07441154138193,0.303720577069096,0
AKEP,78-12,48.9473684210526,41.8421052631579,3.15789473684211,0.526315789473684,1.57894736842105,3.94736842105263
AKEP,79-01,47.1014492753623,47.463768115942,0,5.43478260869565,0,0
AKEP,79-02,32.0284697508897,51.9572953736655,16.0142348754448,0,0,0
AKEP,79-03,53.0631479736098,24.5051837888784,6.40904806786051,2.82752120640905,8.48256361922714,4.71253534401508
AKEP,79-04,47.085201793722,38.2286995515695,9.19282511210762,0,2.24215246636771,3.25112107623318
AKEP,79-05,72.952086553323,23.6476043276662,0,0.309119010819165,0,3.09119010819165
AKEP,79-07,65.0862068965517,23.0603448275862,9.69827586206897,0,0,2.1551724137931
AKEP,79-08,69.8795180722892,20.9453197405005,7.32159406858202,0,0,1.85356811862836
AKEP,79-09,55.2222222222222,37,2.22222222222222,0,3.33333333333333,2.22222222222222
AKEP,79-10,51.0697674418605,35.906976744186,5.58139534883721,0,4.27906976744186,3.16279069767442
AKEP,79-11,34.8381601362862,63.96933560477,0,0,1.19250425894378,0
AKEP,79-12,31.5352697095436,55.6016597510373,5.3941908713693,0,0,7.46887966804979
AKEP,80-01,40.530303030303,43.9393939393939,3.78787878787879,3.78787878787879,4.16666666666667,3.78787878787879
AKEP,80-02,17.3410404624277,59.5375722543353,12.4277456647399,4.91329479768786,2.89017341040462,2.89017341040462
AKEP,80-03,54.6745562130178,24.3195266272189,5.91715976331361,2.9585798816568,6.21301775147929,5.91715976331361
AKEP,80-04,30.6521739130435,44.3478260869565,0,8.47826086956522,3.47826086956522,13.0434782608696
AKEP,80-05,17.0588235294118,75.5882352941177,0,1.47058823529412,0,5.88235294117647
AKEP,80-06,55.1351351351351,39.3243243243243,2.7027027027027,2.83783783783784,0,0
AKEP,80-07,19.1780821917808,74.1682974559687,2.5440313111546,0,4.10958904109589,0
AKEP,80-08,29.973474801061,65.7824933687003,0,0,1.59151193633952,2.6525198938992
AKEP,80-09,63.6363636363636,32.0217096336499,2.71370420624152,0,1.62822252374491,0
AKEP,80-10,22.7586206896552,72.0689655172414,0,0,5.17241379310345,0
AKEP,80-11,48.7124463519313,44.8497854077253,0,0,6.43776824034335,0
AKEP,81-01,18.1818181818182,70.4545454545455,5.68181818181818,0,5.68181818181818,0
AKEP,81-03,39.7748592870544,48.4052532833021,7.5046904315197,0,4.31519699812383,0
AKEP,81-04,20.2156334231806,58.2210242587601,5.39083557951482,9.43396226415094,6.73854447439353,0
AKEP,81-05,38.9776357827476,53.6741214057508,0.958466453674122,0,0,6.38977635782748
AKEP,81-06,28.4507042253521,52.112676056338,7.32394366197183,0.563380281690141,2.8169014084507,8.73239436619718
AKEP,81-07,18.9435336976321,49.5446265938069,13.4790528233151,0,7.10382513661202,10.9289617486339
AKEP,81-08,28.8288288288288,35.1351351351351,28.8288288288288,0.900900900900901,6.30630630630631,0
AKEP,81-09,57.5396825396825,34.7222222222222,1.98412698412698,0,5.75396825396825,0
AKEP,81-10,18.3673469387755,75.5102040816327,2.04081632653061,0,2.04081632653061,2.04081632653061
AKEP,81-11,20,69.3333333333333,3.33333333333333,0,7.33333333333333,0
AKEP,81-12,22.4343675417661,52.0286396181384,14.0811455847255,0,11.4558472553699,0
AKEP,82-01,13.3333333333333,64.4444444444444,16.6666666666667,0,0,5.55555555555556
AKEP,82-02,45.5555555555556,33.8888888888889,0,4.44444444444445,16.1111111111111,0
AKEP,82-04,0,54.6153846153846,0,37.6923076923077,7.69230769230769,0
IIWI,77-05,46.1538461538462,1.28205128205128,36.8589743589744,9.2948717948718,0,6.41025641025641
IIWI,77-06,44.299674267101,15.9609120521173,31.5960912052117,8.14332247557003,0,0
IIWI,77-07,69.6132596685083,18.8766114180479,10.4051565377532,1.10497237569061,0,0
IIWI,77-08,59.6763764705882,3.92156862745098,20.3921568627451,8.55891764705883,7.45098039215686,0
IIWI,77-09,63.4241245136187,11.6731517509728,8.94941634241245,0.389105058365759,15.5642023346303,0
IIWI,77-10,40.7114624505929,11.8577075098814,34.7826086956522,0,12.6482213438735,0
IIWI,77-11,28.680981595092,12.1165644171779,43.2515337423313,3.68098159509202,12.2699386503068,0
IIWI,77-12,19.6480938416422,26.2463343108504,45.3079178885631,8.79765395894428,0,0
IIWI,78-01,42.4242424242424,12.4242424242424,34.5454545454545,4.54545454545455,0,6.06060606060606
IIWI,78-02,81.3609467455621,13.905325443787,1.77514792899408,0,0,2.9585798816568
IIWI,78-03,44.3795620437956,21.4598540145985,5.54744525547445,19.8540145985401,2.91970802919708,5.83941605839416
IIWI,78-04,56.2286689419795,19.7098976109215,10.0682593856655,8.87372013651877,0,5.11945392491468
IIWI,78-05,52.9986052998605,23.0125523012552,17.2942817294282,1.11576011157601,0,5.57880055788006
IIWI,78-06,69.9710144927536,11.1884057971014,12.463768115942,6.3768115942029,0,0
IIWI,78-07,51.0526315789474,17.8947368421053,21.5789473684211,3.94736842105263,5.52631578947368,0
IIWI,78-08,43.59375,31.40625,21.875,0,3.125,0
IIWI,78-09,26.2123197903014,6.15989515072084,52.1625163826999,0,15.4652686762778,0
IIWI,78-10,37.0867768595041,18.801652892562,34.297520661157,3.61570247933884,6.19834710743802,0
IIWI,78-11,31.0344827586207,17.2413793103448,36.7816091954023,14.9425287356322,0,0
IIWI,78-12,23.4782608695652,39.7826086956522,32.3913043478261,4.34782608695652,0,0
IIWI,79-01,11.4285714285714,40.7142857142857,32.6785714285714,5.89285714285714,2.14285714285714,7.14285714285714
IIWI,79-02,23.3363444745559,33.1526648599819,17.9162902740138,16.5612767238784,0,9.03342366757001
IIWI,79-03,26.875,36.125,13.375,1.375,0,22.25
IIWI,79-04,15.6614785992218,37.15953307393,7.78210116731517,4.96108949416342,1.94552529182879,32.4902723735409
IIWI,79-05,48.4177215189873,39.0822784810127,2.21518987341772,6.4873417721519,0,3.79746835443038
IIWI,79-06,47.8777589134126,24.1086587436333,20.8828522920204,0.33955857385399,6.7911714770798,0
IIWI,79-07,28.3602150537634,40.1881720430108,22.4462365591398,3.62903225806452,5.37634408602151,0
IIWI,79-08,62.8257887517147,13.8545953360768,10.1508916323731,3.56652949245542,9.60219478737997,0
IIWI,79-09,18.1451612903226,32.258064516129,16.1290322580645,2.01612903225806,31.4516129032258,0
IIWI,79-10,6.92041522491349,43.9446366782007,27.681660899654,4.1522491349481,17.3010380622837,0
IIWI,79-11,15.359477124183,41.8300653594771,36.2745098039216,2.61437908496732,3.92156862745098,0
IIWI,79-12,3.78548895899054,67.192429022082,14.5110410094637,14.5110410094637,0,0
IIWI,80-01,17.9012345679012,42.1810699588477,10.4938271604938,23.2510288065844,0,6.17283950617284
IIWI,80-02,36.2316364569255,44.572087423495,4.21506661751361,9.60027339460175,1.07618722149284,4.30474888597135
IIWI,80-03,34.0466246851385,38.4974559193955,18.1360201511335,6.80100755667506,0,2.51889168765743
IIWI,80-04,25.8064516129032,36.6935483870968,8.66935483870968,13.7096774193548,0,15.1209677419355
IIWI,80-05,39.030303030303,35.030303030303,9.57575757575757,7.27272727272727,0,9.09090909090909
IIWI,80-06,51.5384615384615,31.7948717948718,7.69230769230769,8.97435897435898,0,0
IIWI,80-07,31.9397993311037,50.3344481605351,15.7190635451505,2.0066889632107,0,0
IIWI,80-08,13.5135135135135,33.1081081081081,19.5945945945946,0,33.7837837837838,0
IIWI,80-10,24.031007751938,26.3565891472868,23.2558139534884,6.2015503875969,20.1550387596899,0
IIWI,80-11,44.6153846153846,23.4615384615385,7.69230769230769,12.6923076923077,9.61538461538462,1.92307692307692
IIWI,80-12,35.5555555555556,32.4444444444444,17.7777777777778,0.888888888888889,4.44444444444444,8.88888888888889
IIWI,81-01,22.8516170212766,32.2741083172147,33.2688588007737,7.73694390715667,3.86847195357834,0
IIWI,81-02,28.2608695652174,26.8115942028986,26.8115942028986,3.6231884057971,0,14.4927536231884
IIWI,81-03,42.8571428571429,31.4285714285714,5.71428571428571,8.57142857142857,2.85714285714286,8.57142857142857
IIWI,81-04,45.5373406193078,35.3369763205829,0,6.3752276867031,0,12.7504553734062
IIWI,81-05,68.1978798586572,22.2614840989399,9.54063604240283,0,0,0
IIWI,81-06,53.1722054380665,19.3353474320242,11.7824773413897,15.7099697885196,0,0
IIWI,81-07,75.0847457627119,11.0169491525424,3.38983050847458,10.5084745762712,0,0
IIWI,81-08,60.2996254681648,5.24344569288389,13.1086142322097,13.4831460674157,7.86516853932584,0
IIWI,81-09,22.2614840989399,9.18727915194346,43.8162544169611,2.47349823321555,22.2614840989399,0
IIWI,81-10,24.920534965035,16.958041958042,36.1888111888112,11.4431013986014,10.4895104895105,0
IIWI,81-11,18.2648401826484,7.30593607305936,47.0319634703196,24.3531202435312,3.0441400304414,0
IIWI,81-12,25.4752851711027,34.9809885931559,9.1254752851711,26.615969581749,3.80228136882129,0
IIWI,82-01,42.741935483871,26.4112903225806,2.82258064516129,11.8951612903226,0,16.1290322580645
APAP,77-05,45.7478005865103,21.8475073313783,0,15.5425219941349,9.53079178885631,7.33137829912024
APAP,77-06,48.4257871064468,19.7901049475262,1.49925037481259,24.287856071964,2.99850074962519,2.99850074962519
APAP,77-07,63.456930959543,11.5834080322975,8.72952489390539,12.393447977331,2.49368430709147,1.3430038298316
APAP,77-08,27.9141104294479,15.6441717791411,25.6134969325153,24.6932515337423,0,6.13496932515337
APAP,77-09,22.4956063268893,7.73286467486819,50.6151142355009,13.884007029877,0.70298769771529,4.56942003514938
APAP,77-10,37.5,7.5,31.6666666666667,23.3333333333333,0,0
APAP,77-11,7.54098360655738,26.3934426229508,13.4426229508197,42.7868852459016,3.27868852459016,6.55737704918033
APAP,77-12,10.7015457788347,43.9952437574316,8.08561236623068,26.397146254459,3.32936979785969,7.4910820451843
APAP,78-01,33.0569948186529,33.0569948186529,4.14507772020725,21.139896373057,7.56476683937824,1.03626943005181
APAP,78-02,62.3586429725364,22.7786752827141,0,8.40064620355412,0,6.46203554119548
APAP,78-03,52.4950099800399,34.7305389221557,0,5.98802395209581,6.78642714570858,0
APAP,78-04,71.5723270440252,9.18238993710692,0,7.16981132075472,12.0754716981132,0
APAP,78-05,59.9425287356322,15.2298850574713,0,13.0268199233716,10.1724137931034,1.62835249042146
APAP,78-06,67.2782874617737,1.8348623853211,0,21.4067278287462,9.48012232415902,0
APAP,78-07,49.1397849462366,17.4193548387097,13.1182795698925,15.4838709677419,2.1505376344086,2.68817204301075
APAP,78-08,29.2086330935252,33.0935251798561,25.7553956834532,6.18705035971223,1.43884892086331,4.31654676258993
APAP,78-09,12.536023054755,15.5619596541787,44.3804034582133,17.7233429394813,4.32276657060519,5.47550432276657
APAP,78-10,36.4157119476268,35.7610474631751,15.9574468085106,5.97381342062193,3.43698854337152,2.45499181669394
APAP,78-11,40.3022670025189,31.8639798488665,5.79345088161209,13.727959697733,3.27455919395466,5.03778337531486
APAP,78-12,21.3930348258706,49.0878938640133,15.7545605306799,4.31177446102819,8.29187396351576,1.16086235489221
APAP,79-01,27.7477477477477,28.8288288288288,7.20720720720721,24.8648648648649,11.3513513513514,0
APAP,79-02,35.4404152422884,52.33160626594,0,4.97409336733872,3.1088083545867,4.14507676984615
APAP,79-03,36.6742596810934,38.1548974943052,0,8.65603644646925,13.0979498861048,3.41685649202733
APAP,79-04,66.5566556655666,19.031903190319,0,8.8008800880088,5.61056105610561,0
APAP,79-05,60.4225352112676,26.6197183098592,0,1.69014084507042,8.45070422535211,2.8169014084507
APAP,79-06,41.7840377967335,34.7417840772333,0,6.57276919923294,2.81690148780004,14.0845074390002
APAP,79-07,40.084388185654,18.3544303797468,13.5021097046414,24.4725738396624,1.47679324894515,2.10970464135021
APAP,79-08,34.7619047619048,4.76190476190476,49.7619047619048,10.7142857142857,0,0
APAP,79-09,10.5191256830601,12.9781420765027,51.9125683060109,19.1256830601093,0,5.46448087431694
APAP,79-10,12.2699386503067,24.5398773006135,6.44171779141104,38.3435582822086,6.13496932515337,12.2699386503067
APAP,79-11,6.34920634920635,42.8571428571429,9.52380952380952,34.9206349206349,3.17460317460317,3.17460317460317
APAP,79-12,17.0087976539589,49.266862170088,0,11.7302052785924,3.81231671554252,18.1818181818182
APAP,80-01,24.514811031665,46.0674157303371,0,7.35444330949949,18.5903983656793,3.4729315628192
APAP,80-02,24.9248747913189,50.0333889816361,0,0.417362270450751,20.534223706177,4.09015025041736
APAP,80-03,24.0362811791383,46.9387755102041,0,10.2040816326531,10.8843537414966,7.93650793650794
APAP,80-04,34.0128755364807,46.4592274678112,2.14592274678112,5.36480686695279,8.58369098712446,3.43347639484979
APAP,80-05,43.3333333333333,27.9487179487179,0,10.2564102564103,5.64102564102564,12.8205128205128
APAP,80-06,35.5182926829268,37.1951219512195,3.04878048780488,9.14634146341463,8.99390243902439,6.09756097560976
APAP,80-07,13.4366925064599,57.8811369509044,5.16795865633075,21.4470284237726,2.0671834625323,0
APAP,80-08,15.2492668621701,34.0175953079179,40.0293255131965,4.54545454545455,3.2258064516129,2.93255131964809
APAP,80-09,0,12.1212121212121,78.4848484848485,6.36363636363636,0,3.03030303030303
APAP,80-10,24.468085106383,18.2624113475177,44.8581560283688,5.49645390070922,6.91489361702128,0
APAP,80-11,21.6666666666667,26,16.6666666666667,13.3333333333333,15.6666666666667,6.66666666666667
APAP,80-12,32.5,36,20,5,6.5,0
APAP,81-01,19.7674418604651,47.6744186046512,0,13.1782945736434,15.5038759689922,3.87596899224806
APAP,81-02,47.2027972027972,36.013986013986,0,6.29370629370629,3.4965034965035,6.99300699300699
APAP,81-03,49.2610837438424,17.2413793103448,3.61247947454844,9.85221674876847,16.7487684729064,3.28407224958949
APAP,81-04,54.3563068920676,10.0130039011704,0.780234070221066,11.1833550065019,18.2054616384915,5.46163849154746
APAP,81-05,77.7777777777778,10.7638888888889,2.08333333333333,4.51388888888889,3.47222222222222,1.38888888888889
APAP,81-06,49.6519721577726,23.2018561484919,4.64037122969838,9.04872389791183,8.81670533642692,4.64037122969838
APAP,81-07,35.9893758300133,12.8818061088977,12.4833997343958,18.5922974767596,14.7410358565737,5.31208499335989
APAP,81-08,33.4545454545455,5.45454545454545,25.8181818181818,16.5454545454545,8,10.7272727272727
APAP,81-09,36.8421052631579,8.88157894736842,27.3026315789474,19.4078947368421,7.56578947368421,0
APAP,81-10,18.090278125,22.534721875,38.75,7.5,6.875,6.25
APAP,81-11,9.52380952380952,32.3809523809524,16.1904761904762,13.968253968254,24.7619047619048,3.17460317460317
APAP,81-12,29.8333333333333,24,3.33333333333333,13.1666666666667,29.6666666666667,0
APAP,82-01,30.3030303030303,41.4772727272727,7.57575757575758,0,16.8560606060606,3.78787878787879
JAWE,77-06,24.1706161137441,24.9605055292259,31.2796208530806,9.47867298578199,6.95102685624013,3.15955766192733
JAWE,77-07,28.6666666666667,60.3333333333333,0,5,0,6
JAWE,77-08,17.3913043478261,43.4782608695652,6.2111801242236,8.07453416149068,12.4223602484472,12.4223602484472
JAWE,77-09,34.2465753424658,27.3972602739726,0,17.1232876712329,0.684931506849315,20.5479452054795
JAWE,77-10,31.1926605504587,55.045871559633,5.5045871559633,7.3394495412844,0.917431192660551,0
JAWE,77-11,30.4347826086956,51.3043478260869,8.69565217391304,4.34782608695652,5.21739130434783,0
JAWE,77-12,31.9266055045872,45.3211009174312,13.2110091743119,5.87155963302752,3.6697247706422,0
JAWE,78-01,11,37,40,4,4,4
JAWE,78-02,13.3333333333333,31.0569105691057,48.7804878048781,3.2520325203252,3.57723577235772,0
JAWE,78-03,24.5238095238095,14.2857142857143,50.7142857142857,7.14285714285714,3.33333333333333,0
JAWE,78-04,14.7770700636943,12.7388535031847,58.8535031847134,11.3375796178344,2.29299363057325,0
JAWE,78-05,13.0067567567568,10.1351351351351,67.5675675675676,0,2.53378378378378,6.75675675675676
JAWE,78-06,31.6784869976359,10.4018912529551,20.8037825059102,9.45626477541371,14.1843971631206,13.4751773049645
JAWE,78-07,38.3333333333333,40.1666666666667,2.5,9,6.66666666666667,3.33333333333333
JAWE,78-08,46.8421052631579,29.4736842105263,7.89473684210526,5.26315789473684,0,10.5263157894737
JAWE,78-09,40.6698564593301,22.488038277512,0,16.2679425837321,8.61244019138756,11.9617224880383
JAWE,78-10,50.7745266781411,22.8915662650602,13.5972461273666,7.91738382099828,1.37693631669535,3.44234079173838
JAWE,78-11,51.2084592145015,22.3564954682779,17.3716012084592,6.04229607250755,0,3.02114803625378
JAWE,78-12,46.0446247464503,35.6997971602434,6.08519269776876,12.1703853955375,0,0
JAWE,79-01,26.2295081967213,41.6393442622951,19.672131147541,6.55737704918033,4.26229508196721,1.63934426229508
JAWE,79-02,51.4749262536873,17.6991150442478,22.2713864306785,4.12979351032448,1.47492625368732,2.94985250737463
JAWE,79-03,52.0999652898299,17.5286358903159,7.46268656716418,10.41305102395,6.94203401596668,5.55362721277334
JAWE,79-04,63.986013986014,10.4895104895105,21.0955710955711,0.233100233100233,1.86480186480187,2.33100233100233
JAWE,79-05,45.7142857142857,4.46428571428571,20.8928571428571,6.78571428571429,17.8571428571429,4.28571428571429
JAWE,79-06,37.1264367816092,30.6896551724138,3.83141762452107,7.66283524904215,8.81226053639847,11.8773946360153
JAWE,79-07,39.2727272727273,28,0,14.5454545454545,3.63636363636364,14.5454545454545
JAWE,79-08,46.1538461538462,23.0769230769231,7.69230769230769,0,0,23.0769230769231
JAWE,79-09,25.0620347394541,56.8238213399504,0,2.48138957816377,0,15.6327543424318
JAWE,79-10,32.967032967033,50.5494505494505,0,3.66300366300366,3.66300366300366,9.15750915750916
JAWE,79-11,59.4827586206897,29.8275862068966,1.72413793103448,4.48275862068965,1.03448275862069,3.44827586206897
JAWE,79-12,57.8947368421053,29.9595141700405,0,0,8.09716599190283,4.04858299595142
JAWE,80-01,64.5645645645646,12.9129129129129,12.012012012012,3.003003003003,7.50750750750751,0
JAWE,80-02,59.0958019375673,11.8406889128095,16.1463939720129,2.58342303552207,10.3336921420883,0
JAWE,80-03,31.9852941176471,21.8137254901961,33.4558823529412,4.90196078431373,5.3921568627451,2.45098039215686
JAWE,80-04,32.4242424242424,20.6060606060606,22.1212121212121,9.09090909090909,9.09090909090909,6.66666666666667
JAWE,80-05,35.632183908046,39.9425287356322,6.89655172413793,4.31034482758621,4.88505747126437,8.33333333333333
JAWE,80-06,43.4131736526946,19.4610778443114,17.6646706586826,8.98203592814371,4.49101796407186,5.98802395209581
JAWE,80-07,55.2727272727273,28,0,2.90909090909091,0,13.8181818181818
JAWE,80-08,72.8571428571428,14.2857142857143,7.14285714285714,0.952380952380952,0,4.76190476190476
JAWE,80-09,71.7647058823529,24.3137254901961,0,3.92156862745098,0,0
JAWE,80-10,53.1934307423478,12.317518225698,9.23813866927347,0,5.33759123113578,19.913321131545
JAWE,80-11,50.4918032786885,13.1147540983607,21.9672131147541,6.55737704918033,3.27868852459016,4.59016393442623
JAWE,80-12,44.8373408769448,8.48656294200848,26.8741159830269,14.992927864215,4.52616690240453,0.282885431400283
JAWE,81-01,42.1052631578947,17.5438596491228,29.8245614035088,7.01754385964912,0,3.50877192982456
JAWE,81-02,26.6666666666667,5.55555555555556,51.1111111111111,5.55555555555556,5.55555555555556,5.55555555555556
JAWE,81-03,30.4832713754647,9.29368029739777,40.1486988847584,12.639405204461,7.43494423791822,0
JAWE,81-04,33.8709677419355,6.45161290322581,25.1612903225806,1.84331806451613,29.447004516129,3.2258064516129
JAWE,81-05,27.6556776556777,7.32600732600733,43.7728937728938,13.9194139194139,7.32600732600733,0
JAWE,81-06,34.6875,14.0625,6.875,30.3125,14.0625,0
JAWE,81-07,32.4829931972789,15.8163265306122,0,42.1768707482993,7.48299319727891,2.04081632653061
JAWE,81-08,18.2266009852217,39.9014778325123,5.91133004926108,9.85221674876847,16.256157635468,9.85221674876847
JAWE,81-09,48.744769874477,16.5271966527197,6.27615062761506,16.7364016736402,11.7154811715481,0
JAWE,81-10,45.9770114942529,6.4367816091954,23.6781609195402,10.1149425287356,4.59770114942529,9.19540229885057
JAWE,81-11,33.6236933797909,34.6689895470383,0,9.05923344947735,19.1637630662021,3.48432055749129
JAWE,81-12,55.1094890510949,25.5474452554745,8.75912408759124,3.64963503649635,6.93430656934307,0
JAWE,82-01,53.2142857142857,10.7142857142857,10,10.7142857142857,11.7857142857143,3.57142857142857
OMAO,77-05,34.2475386779184,12.3066104078762,19.690576652602,0,7.0323488045007,26.7229254571027
OMAO,77-06,44.7136563876652,22.0264317180617,7.9295154185022,4.40528634361234,4.40528634361234,16.5198237885463
OMAO,77-07,20.9174311926606,4.95412844036697,10.0917431192661,27.3394495412844,10.2752293577982,26.4220183486239
OMAO,77-08,32.0158102766798,22.9249011857708,3.95256916996047,20.3557312252964,2.37154150197628,18.3794466403162
OMAO,77-09,21.5686274509804,9.80392156862745,4.90196078431373,46.5686274509804,14.7058823529412,2.45098039215686
OMAO,77-10,9.55414012738853,10.828025477707,3.18471337579618,59.2356687898089,5.73248407643312,11.4649681528662
OMAO,77-11,22.9132569558101,8.8379705400982,12.2749590834697,48.4451718494272,0.981996726677578,6.54664484451719
OMAO,77-12,44.0886699507389,9.97536945812808,9.97536945812808,15.1477832512315,3.69458128078818,17.1182266009852
OMAO,78-01,81.4516129032258,8.54838709677419,0,3.2258064516129,0,6.7741935483871
OMAO,78-02,75.6291390728477,11.3907284768212,9.40397350993378,0,0,3.57615894039735
OMAO,78-03,54.125,8.125,16.125,2.5,0,19.125
OMAO,78-04,56.2682519280206,30.1070694087404,5.39845758354756,0,3.08483290488432,5.1413881748072
OMAO,78-05,55.5295738106281,13.782038801192,12.5777829836121,6.02127908789943,3.74657365469298,8.34275166197539
OMAO,78-06,55.5634553857092,20.6185567010309,4.97689299680057,11.7312477781728,0,7.10984713828653
OMAO,78-07,21.0970464135021,20.8860759493671,16.6666666666667,29.535864978903,1.68776371308017,10.126582278481
OMAO,78-08,17.6576576576577,17.2972972972973,23.7837837837838,31.1711711711712,0,10.0900900900901
OMAO,78-09,12.1442125237192,5.88235294117647,3.79506641366224,71.5370018975332,6.64136622390892,0
OMAO,78-10,17.5131348511384,28.1961471103327,6.65499124343257,25.2189141856392,18.9141856392294,3.50262697022767
OMAO,78-11,21.7877094972067,39.6648044692737,22.3463687150838,11.1731843575419,5.02793296089385,0
OMAO,78-12,56.3282336578581,7.51043115438109,27.1210013908206,2.78164116828929,0,6.2586926286509
OMAO,79-01,52.9411764705882,17.6470588235294,4.41176470588235,2.94117647058824,7.35294117647059,14.7058823529412
OMAO,79-02,40.3166869671133,5.96833130328867,12.1802679658952,2.43605359317905,8.40438489646772,30.694275274056
OMAO,79-03,37.1641791044776,20.547263681592,20.5223880597015,0,0,21.7661691542289
OMAO,79-04,30.5309734513274,20.353982300885,9.51327433628319,2.21238938053097,8.4070796460177,28.9823008849558
OMAO,79-05,39.8907103825137,23.4972677595628,16.3934426229508,0,3.82513661202186,16.3934426229508
OMAO,79-06,17.983651226158,34.8773841961853,21.7983651226158,8.17438692098093,17.1662125340599,0
OMAO,79-07,22.0134228187919,36.3758389261745,16.9127516778523,0,5.36912751677852,19.3288590604027
OMAO,79-08,34.8780487683352,17.2473867535723,3.83275261190496,3.83275261190496,13.7630662321383,26.4459930221443
OMAO,79-09,31.7460317460317,15.8730158730159,19.8412698412698,11.9047619047619,8.73015873015873,11.9047619047619
OMAO,79-10,22.4215246636771,20.627802690583,15.695067264574,6.72645739910314,17.9372197309417,16.5919282511211
OMAO,79-11,28.4313725490196,37.2549019607843,12.4183006535948,3.26797385620915,9.80392156862745,8.82352941176471
OMAO,79-12,20.4472843450479,26.8370607028754,16.6134185303514,0,6.38977635782748,29.7124600638978
OMAO,80-01,8.95522388059701,37.3432835820895,20.865671641791,0,21.7910447761194,11.044776119403
OMAO,80-02,33.25,23,19,2.5,10.75,11.5
OMAO,80-03,34.6666666666667,34.8,14,2.66666666666667,0,13.8666666666667
OMAO,80-04,28.3870967741935,29.3548387096774,29.0322580645161,0,7.74193548387097,5.48387096774194
OMAO,80-05,26.3862332695985,28.8718929254302,3.82409177820268,3.82409177820268,7.64818355640535,29.4455066921606
OMAO,80-06,8.33333333333333,36.25,12.5,25,6.25,11.6666666666667
OMAO,80-07,0,16.6281755196305,9.2378752886836,36.9515011547344,19.8614318706697,17.3210161662818
OMAO,80-08,8.33333333333333,19.6078431372549,9.31372549019608,34.3137254901961,23.5294117647059,4.90196078431373
OMAO,80-09,8.09716599190283,53.8461538461538,7.69230769230769,12.1457489878543,12.1457489878543,6.07287449392713
OMAO,80-10,4.83091787439614,11.1111111111111,19.3236714975845,18.8405797101449,45.8937198067633,0
OMAO,80-11,4.46428571428571,29.4642857142857,28.5714285714286,6.25,31.25,0
OMAO,80-12,21.8531468531469,9.79020979020979,13.986013986014,10.4895104895105,29.8951048951049,13.986013986014
OMAO,81-01,31.9634703196347,14.6118721461187,12.7853881278539,13.6986301369863,26.9406392694064,0
OMAO,81-02,31.7647058823529,14.7058823529412,18.2352941176471,5.88235294117647,11.7647058823529,17.6470588235294
OMAO,81-03,54.6792452830189,0.0377358490566038,11.3207547169811,3.77358490566038,18.8679245283019,11.3207547169811
OMAO,81-04,43.2956381260097,8.40064620355412,8.23909531502423,16.1550888529887,23.9095315024233,0
OMAO,81-05,27.3972602739726,3.91389432485323,15.6555772994129,3.91389432485323,45.2054794520548,3.91389432485323
OMAO,81-06,30.4054054054054,7.77027027027027,14.8648648648649,16.8918918918919,23.3108108108108,6.75675675675676
OMAO,81-07,1.14503816793893,7.63358778625954,35.8778625954198,17.175572519084,38.1679389312977,0
OMAO,81-08,3.52564102564103,30.7692307692308,13.7820512820513,33.0128205128205,16.025641025641,2.88461538461538
OMAO,81-09,10.7485604606526,26.8714011516315,12.2840690978887,19.3857965451056,23.0326295585413,7.67754318618042
OMAO,81-10,4.05679513184584,16.2271805273834,16.2271805273834,55.3752535496957,8.11359026369169,0
OMAO,81-11,9.9009900990099,19.8019801980198,19.8019801980198,35.6435643564356,14.8514851485149,0
OMAO,81-12,18.3453237410072,16.1870503597122,32.0143884892086,6.47482014388489,23.3812949640288,3.59712230215827
OMAO,82-01,44.4642857142857,14.2857142857143,21.6071428571429,3.57142857142857,7.14285714285714,8.92857142857143
ELEP,77-05,50.4918032786885,13.1147540983607,19.672131147541,4.59016393442623,7.21311475409836,4.91803278688525
ELEP,77-06,42.6386233269599,9.75143403441682,30.5927342256214,16.6347992351816,0.382409177820268,0
ELEP,77-07,50.3940648445082,20.4103107054976,14.6862838142395,10.6165907090888,2.83109085575702,1.06165907090888
ELEP,77-08,34.5659163987138,36.3344051446945,10.6109324758842,12.379421221865,3.21543408360129,2.89389067524116
ELEP,77-09,20.9219858156028,36.5248226950355,15.0709219858156,20.3900709219858,3.54609929078014,3.54609929078014
ELEP,77-10,33.8432122370937,21.2237093690249,26.1950286806883,8.22179732313576,8.79541108986616,1.7208413001912
ELEP,77-11,32.3630136986301,35.958904109589,15.0684931506849,9.93150684931507,5.47945205479452,1.1986301369863
ELEP,77-12,47.1810089020772,28.7833827893175,18.9910979228487,5.04451038575668,0,0
ELEP,78-01,37.2340425531915,47.8723404255319,5.71808510638298,8.11170212765957,1.06382978723404,0
ELEP,78-02,31.1501597444089,36.9009584664537,13.258785942492,9.58466453674121,0.958466453674121,8.14696485623003
ELEP,78-03,23.7770193401593,14.1069397042093,33.3333333333333,20.8191126279863,2.27531285551763,5.68828213879408
ELEP,78-04,44.6859903381643,10.1449275362319,25.8454106280193,9.05797101449275,5.19323671497585,5.07246376811594
ELEP,78-05,34.0279937791602,21.1508553654743,25.8164852255054,6.87402799377916,4.97667185069985,7.15396578538103
ELEP,78-06,27.7310924369748,33.8235294117647,15.3361344537815,13.4453781512605,9.66386554621849,0
ELEP,78-07,44.1631504922644,18.0028129395218,16.7369901547117,14.6272855133615,1.40646976090014,5.06329113924051
ELEP,78-08,30.0632911392405,12.0253164556962,26.5822784810127,22.1518987341772,7.59493670886076,1.58227848101266
ELEP,78-09,29.7208538587849,23.4811165845649,26.6009852216749,17.7339901477833,0,2.46305418719212
ELEP,78-10,40.9175567970205,36.4990689013035,9.1755530726257,11.9180633147114,1.48975791433892,0
ELEP,78-11,55.3030303030303,26.3257575757576,11.5530303030303,3.78787878787879,0,3.03030303030303
ELEP,78-12,46.375,12.75,16.5,20.625,0,3.75
ELEP,79-01,40.3007518796992,23.1578947368421,18.796992481203,12.3308270676692,2.40601503759398,3.00751879699248
ELEP,79-02,50.2447822726101,26.1788198917805,4.50914712702912,12.6256119556815,6.44163875289874,0
ELEP,79-03,36.8258426966292,23.4550561797753,19.1011235955056,16.2640449438202,4.35393258426966,0
ELEP,79-04,47.4370112945265,18.8242108311613,23.0234578627281,0.579206487112656,7.2400810889082,2.89603243556328
ELEP,79-05,66.1016949152542,16.3841807909604,7.34463276836158,10.1694915254237,0,0
ELEP,79-06,41.9607843137255,27.843137254902,8.82352941176471,21.3725490196078,0,0
ELEP,79-07,25.7731958762887,21.6494845360825,28.8659793814433,12.8865979381443,5.15463917525773,5.67010309278351
ELEP,79-08,54.7058823529412,20.5882352941176,19.1176470588235,5,0.588235294117647,0
ELEP,79-09,65.0909090909091,11.6363636363636,12.7272727272727,6.18181818181818,4.36363636363636,0
ELEP,79-10,26.1904761904762,44.7619047619048,16.6666666666667,12.3809523809524,0,0
ELEP,79-11,44.1666666666667,35,4.16666666666667,16.6666666666667,0,0
ELEP,79-12,40.8759124087591,41.6058394160584,7.2992700729927,5.83941605839416,3.64963503649635,0.72992700729927
ELEP,80-01,59.504132231405,12.396694214876,16.7355371900826,7.02479338842975,2.06611570247934,2.27272727272727
ELEP,80-02,39.4047607142857,15.5952392857143,28.9285714285714,3.57142857142857,10.7142857142857,1.78571428571429
ELEP,80-03,39.9274047186933,17.967332123412,29.5825771324864,10.7078039927405,1.81488203266788,0
ELEP,80-04,47.8527607361963,12.2699386503067,12.2699386503067,24.5398773006135,3.06748466257669,0
ELEP,80-05,39.5017793594306,35.5871886120996,17.7935943060498,7.11743772241993,0,0
ELEP,80-06,28.4246575342466,22.2602739726027,19.5205479452055,23.972602739726,3.42465753424658,2.3972602739726
ELEP,80-07,41.9475655430712,25.0936329588015,12.3595505617978,15.3558052434457,3.74531835205993,1.49812734082397
ELEP,80-08,43.9114391143911,11.070110701107,17.3431734317343,25.830258302583,0,1.8450184501845
ELEP,80-09,12.5391849529781,28.2131661442006,26.0188087774295,23.8244514106583,3.13479623824451,6.26959247648903
ELEP,80-10,36.4672364672365,18.8034188034188,23.0769230769231,12.2507122507123,5.6980056980057,3.7037037037037
ELEP,80-11,46.3157894736842,11.5789473684211,15.4385964912281,25.2631578947368,0,1.40350877192982
ELEP,80-12,51.9434628975265,17.3144876325088,10.2473498233216,17.3144876325088,0,3.18021201413428
ELEP,81-01,45.6666666666667,16.6666666666667,21,15.6666666666667,0,1
ELEP,81-02,46.606334841629,13.5746606334842,13.5746606334842,11.7647058823529,7.23981900452489,7.23981900452489
ELEP,81-03,51.6129032258064,14.1935483870968,20.3225806451613,6.45161290322581,3.2258064516129,4.19354838709677
ELEP,81-04,57.190635451505,1.33779264214047,11.7056856187291,21.4046822742475,0,8.36120401337793
ELEP,81-05,53.781512605042,8.40336134453781,21.0084033613445,8.40336134453781,0,8.40336134453781
ELEP,81-06,52.8985507246377,5.43478260869565,11.231884057971,13.0434782608696,3.6231884057971,13.768115942029
ELEP,81-07,23.9583333333333,6.94444444444444,15.9722222222222,37.8472222222222,6.59722222222222,8.68055555555556
ELEP,81-08,25.9194395796848,5.95446584938704,35.0262697022767,16.4623467600701,9.63222416812609,7.00525394045534
ELEP,81-09,41.5458937198068,16.4251207729469,19.3236714975845,20.2898550724638,0,2.41545893719807
ELEP,81-10,30.8823529411765,32.843137254902,2.45098039215686,27.9411764705882,5.88235294117647,0
ELEP,81-11,25.1893939393939,18.75,30.8712121212121,20.4545454545455,0,4.73484848484848
ELEP,81-12,47.9381443298969,20.6185567010309,26.2886597938144,0,5.15463917525773,0
ELEP,82-01,55.859375,11.71875,13.4765625,12.6953125,1.953125,4.296875
HCRE,77-07,41.2429378531073,30.5084745762712,11.2994350282486,5.64971751412429,0,11.2994350282486
HCRE,77-08,27.0948827930175,14.4638403990025,24.9376558603491,14.9625935162095,11.9700748129676,6.57095261845387
HCRE,77-09,22.9885057471264,13.7931034482759,11.4942528735632,28.735632183908,0,22.9885057471264
HCRE,77-10,36.8421052631579,21.0526315789474,5.26315789473684,28.0701754385965,0,8.7719298245614
HCRE,77-11,25,1.47058823529412,1.47058823529412,38.9705882352941,12.5,20.5882352941176
HCRE,77-12,57.6441102756892,7.5187969924812,10.0250626566416,8.02005012531328,5.51378446115288,11.2781954887218
HCRE,78-01,29.673721340388,11.0229276895944,8.81834215167549,32.8483245149912,8.81834215167549,8.81834215167549
HCRE,78-02,15.0900900900901,18.9189189189189,17.3423423423423,24.5495495495495,10.5855855855856,13.5135135135135
HCRE,78-03,21.9512195121951,18.9024390243902,14.0243902439024,26.8292682926829,6.09756097560976,12.1951219512195
HCRE,78-04,8.73161764705882,30.3308823529412,17.2334558823529,23.0238970588235,13.7867647058824,6.89338235294118
HCRE,78-05,12.4223602484472,13.3540372670807,24.5341614906832,24.8447204968944,21.1180124223602,3.72670807453416
HCRE,78-06,43.6832181018228,12.8849780012571,18.8560653676933,10.9993714644877,5.71967316153363,7.85669390320553
HCRE,78-07,32.5842696629213,32.3970037453184,5.24344569288389,14.9812734082397,12.1722846441948,2.62172284644195
HCRE,78-08,19.1511387163561,33.5403726708075,23.1884057971014,14.4927536231884,2.79503105590062,6.83229813664596
HCRE,78-09,51.1363636363636,12.5,16.8181818181818,2.95454545454545,5.22727272727273,11.3636363636364
HCRE,78-10,14.4772117962466,25.201072386059,24.1286863270778,3.75335120643432,28.9544235924933,3.48525469168901
HCRE,78-11,17.3410404624277,30.0578034682081,5.78034682080925,5.78034682080925,8.09248554913295,32.9479768786127
HCRE,78-12,7.90697674418605,32.093023255814,4.65116279069767,17.2093023255814,15.8139534883721,22.3255813953488
HCRE,79-01,11.1731843575419,11.1731843575419,0,42.4581005586592,22.3463687150838,12.8491620111732
HCRE,79-02,2.36190476190476,34.6666666666667,10.2095238095238,29.9047619047619,19.047619047619,3.80952380952381
HCRE,79-03,17.1919770773639,37.5358166189112,16.3323782234957,0,22.3495702005731,6.59025787965616
HCRE,79-04,2.42914979757085,4.04858299595142,10.9311740890688,8.09716599190283,45.3441295546559,29.1497975708502
HCRE,79-05,0,8.69565217391304,8.69565217391304,21.7391304347826,43.4782608695652,17.3913043478261
HCRE,79-07,17.3913043478261,21.7391304347826,8.69565217391304,21.7391304347826,20.8695652173913,9.56521739130435
HCRE,79-08,37.0967741935484,11.2903225806452,6.45161290322581,25.8064516129032,19.3548387096774,0
HCRE,79-09,11.5789473684211,27.3684210526316,5.26315789473684,21.0526315789474,14.7368421052632,20
HCRE,79-10,5.15463917525773,10.3092783505155,0,41.2371134020619,0,43.298969072165
HCRE,79-11,37.593984962406,1.50375939849624,17.5438596491228,5.26315789473684,22.5563909774436,15.5388471177945
HCRE,79-12,10.1010101010101,10.1010101010101,10.1010101010101,23.2323232323232,40.4040404040404,6.06060606060606
HCRE,80-01,30.2083333333333,17.7083333333333,15.625,12.5,6.25,17.7083333333333
HCRE,80-02,16.271186440678,38.4745762711864,4.40677966101695,18.6440677966102,7.45762711864407,14.7457627118644
HCRE,80-03,11.660777385159,30.3886925795053,3.53356890459364,21.2014134275618,16.9611307420495,16.2544169611307
HCRE,80-06,31.5533980582524,12.1359223300971,10.9223300970874,14.0776699029126,16.2621359223301,15.0485436893204
HCRE,80-07,53.4090909090909,7.14285714285714,28.4090909090909,0,9.09090909090909,1.94805194805195
HCRE,80-08,59.5330739299611,12.4513618677043,17.8988326848249,0,7.52269779507134,2.59403372243839
HCRE,80-09,62.3505976095618,9.36254980079681,11.9521912350598,3.98406374501992,12.3505976095618,0
HCRE,80-10,20.3389830508475,6.77966101694915,18.6440677966102,13.5593220338983,25.4237288135593,15.2542372881356
HCRE,80-11,69.5035460992908,14.1843971631206,14.1843971631206,0,0,2.12765957446809
HCRE,80-12,37.9518072289157,12.0481927710843,13.855421686747,18.0722891566265,12.0481927710843,6.02409638554217
HCRE,81-01,32.1637426900585,11.6959064327485,42.6900584795322,0,7.01754385964912,6.4327485380117
HCRE,81-02,25.974025974026,0,31.1688311688312,25.974025974026,6.49350649350649,10.3896103896104
HCRE,81-03,31.8573185731857,7.38007380073801,36.4083640836408,19.1881918819188,2.7060270602706,2.460024600246
HCRE,81-04,26.713532513181,22.3198594024605,16.871704745167,25.6590509666081,1.40597539543058,7.0298769771529
HCRE,81-06,26.0416666666667,15.625,15.625,37.5,5.20833333333333,0
HCRE,81-07,7.01754385964912,7.01754385964912,31.5789473684211,25.6140350877193,16.4912280701754,12.280701754386
HCRE,81-08,11.0327918957612,25.3754213602508,33.0677291657153,13.2393502749135,7.35519459717414,9.92951270618509
HCRE,81-09,13.8461538461538,19.2307692307692,18.7179487179487,33.3333333333333,4.61538461538462,10.2564102564103
HCRE,81-10,9.02777777777778,17.0138888888889,63.5416666666667,6.94444444444444,3.47222222222222,0
HCRE,81-12,0,15.7009345794393,6.72897196261682,15.5140186915888,29.9065420560748,32.1495327102804
HCRE,82-01,8.88888888888889,39.1111111111111,0,0,14.2222222222222,37.7777777777778
HAAM,77-05,17.4927113702624,33.5276967930029,27.4052478134111,0,6.99708454810496,14.5772594752187
HAAM,77-06,25.4966887417219,50,8.60927152317881,0,10.9271523178808,4.96688741721854
HAAM,77-07,43.1937172774869,17.0157068062827,20.6806282722513,6.80628272251309,9.94764397905759,2.35602094240838
HAAM,77-08,37.1720116618076,5.24781341107872,8.7463556851312,32.3615160349854,12.3906705539359,4.08163265306122
HAAM,77-09,28.8537549407115,15.0197628458498,3.55731225296443,52.1739130434783,0,0.395256916996047
HAAM,77-10,32.5112107623318,7.847533632287,8.96860986547085,49.3273542600897,0,1.34529147982063
HAAM,77-11,46.969696969697,15.1515151515152,14.1414141414141,15.1515151515152,6.56565656565657,2.02020202020202
HAAM,77-12,51.6587677725119,4.73933649289099,29.3838862559242,0,14.218009478673,0
HAAM,78-01,42.1259842519685,13.5826771653543,28.9370078740157,0,11.4173228346457,3.93700787401575
HAAM,78-02,25.4777070063694,48.4076433121019,21.8683651804671,0,4.24628450106157,0
HAAM,78-03,14.7368421052632,44.812030075188,18.9473684210526,0,3.00751879699248,18.4962406015038
HAAM,78-04,11.038961038961,65.5844155844156,5.84415584415584,3.24675324675325,1.94805194805195,12.3376623376623
HAAM,78-05,31.6837303754266,38.9647337883959,21.160409556314,0,2.21843003412969,5.97269624573379
HAAM,78-06,11.1801242236025,66.7701863354037,10.5590062111801,1.5527950310559,4.6583850931677,5.27950310559006
HAAM,78-07,37.9381443298969,19.3814432989691,9.07216494845361,25.360824742268,8.24742268041237,0
HAAM,78-08,10.8856088560886,7.93357933579336,26.5682656826568,53.8745387453875,0,0.738007380073801
HAAM,78-09,21.5151515151515,19.6969696969697,13.6363636363636,39.0909090909091,6.06060606060606,0
HAAM,78-10,25.4107338444688,31.2157721796276,10.6243154435926,22.5629791894852,0.657174151150055,9.52902519167579
HAAM,78-11,40.8620689655172,41.0344827586207,6.37931034482759,0,8.10344827586207,3.62068965517241
HAAM,78-12,29.6296296296296,11.1111111111111,24.4444444444444,15.5555555555556,17.7777777777778,1.48148148148148
HAAM,79-01,25,31.5909090909091,16.1363636363636,0,9.09090909090909,18.1818181818182
